{
    "basis_align": [
        [
            [
                4.930380657631324e-32,
                2.220446049250313e-16,
                1.0
            ],
            [
                2.220446049250313e-16,
                1.0,
                -2.220446049250313e-16
            ],
            [
                -1.0,
                2.220446049250313e-16,
                -0.0
            ]
        ],
        [
            [
                0.2079116851091385,
                1.758789402543976e-16,
                0.9781476259231567
            ],
            [
                1.758789402543976e-16,
                1.0,
                -2.1719240315646465e-16
            ],
            [
                -0.9781476259231567,
                2.1719240315646465e-16,
                0.2079116851091385
            ]
        ],
        [
            [
                0.4067366421222687,
                1.3173093453390321e-16,
                0.9135454297065735
            ],
            [
                1.3173093453390321e-16,
                1.0,
                -2.0284783402026407e-16
            ],
            [
                -0.9135454297065735,
                2.0284783402026407e-16,
                0.4067366421222687
            ]
        ],
        [
            [
                0.5877852439880371,
                9.153006264294447e-17,
                0.80901700258255
            ],
            [
                9.153006264294447e-17,
                1.0,
                -1.7963786071607536e-16
            ],
            [
                -0.80901700258255,
                1.7963786071607536e-16,
                0.5877852439880371
            ]
        ],
        [
            [
                0.7431448101997375,
                5.703330914214321e-17,
                0.6691306233406067
            ],
            [
                5.703330914214321e-17,
                1.0,
                -1.4857684490290495e-16
            ],
            [
                -0.6691306233406067,
                1.4857684490290495e-16,
                0.7431448101997375
            ]
        ],
        [
            [
                0.8660253882408142,
                2.974833973805286e-17,
                0.5
            ],
            [
                2.974833973805286e-17,
                1.0,
                -1.1102230246251565e-16
            ],
            [
                -0.5,
                1.1102230246251565e-16,
                0.8660253882408142
            ]
        ],
        [
            [
                0.9510565400123596,
                1.0867629582258461e-17,
                0.30901700258255005
            ],
            [
                1.0867629582258461e-17,
                1.0,
                -6.86155582535597e-17
            ],
            [
                -0.30901700258255005,
                6.86155582535597e-17,
                0.9510565400123596
            ]
        ],
        [
            [
                0.9945219159126282,
                1.2163789135290013e-18,
                0.10452846437692642
            ],
            [
                1.2163789135290013e-18,
                1.0,
                -2.3209981575994836e-17
            ],
            [
                -0.10452846437692642,
                2.3209981575994836e-17,
                0.9945219159126282
            ]
        ],
        [
            [
                0.9945219159126282,
                1.2163789135290013e-18,
                -0.10452846437692642
            ],
            [
                1.2163789135290013e-18,
                1.0,
                2.3209981575994836e-17
            ],
            [
                0.10452846437692642,
                -2.3209981575994836e-17,
                0.9945219159126282
            ]
        ],
        [
            [
                0.9510565400123596,
                1.0867629582258461e-17,
                -0.30901700258255005
            ],
            [
                1.0867629582258461e-17,
                1.0,
                6.86155582535597e-17
            ],
            [
                0.30901700258255005,
                -6.86155582535597e-17,
                0.9510565400123596
            ]
        ],
        [
            [
                0.8660253882408142,
                2.974833973805286e-17,
                -0.5
            ],
            [
                2.974833973805286e-17,
                1.0,
                1.1102230246251565e-16
            ],
            [
                0.5,
                -1.1102230246251565e-16,
                0.8660253882408142
            ]
        ],
        [
            [
                0.7431448101997375,
                5.703330914214321e-17,
                -0.6691306233406067
            ],
            [
                5.703330914214321e-17,
                1.0,
                1.4857684490290495e-16
            ],
            [
                0.6691306233406067,
                -1.4857684490290495e-16,
                0.7431448101997375
            ]
        ],
        [
            [
                0.5877852439880371,
                9.153006264294447e-17,
                -0.80901700258255
            ],
            [
                9.153006264294447e-17,
                1.0,
                1.7963786071607536e-16
            ],
            [
                0.80901700258255,
                -1.7963786071607536e-16,
                0.5877852439880371
            ]
        ],
        [
            [
                0.4067366421222687,
                1.3173093453390321e-16,
                -0.9135454297065735
            ],
            [
                1.3173093453390321e-16,
                1.0,
                2.0284783402026407e-16
            ],
            [
                0.9135454297065735,
                -2.0284783402026407e-16,
                0.4067366421222687
            ]
        ],
        [
            [
                0.2079116851091385,
                1.758789402543976e-16,
                -0.9781476259231567
            ],
            [
                1.758789402543976e-16,
                1.0,
                2.1719240315646465e-16
            ],
            [
                0.9781476259231567,
                -2.1719240315646465e-16,
                0.2079116851091385
            ]
        ],
        [
            [
                1.2246468525851679e-16,
                2.220446049250313e-16,
                -1.0
            ],
            [
                2.220446049250313e-16,
                1.0,
                2.220446049250313e-16
            ],
            [
                1.0,
                -2.220446049250313e-16,
                1.2246468525851679e-16
            ]
        ],
        [
            [
                -0.2079116851091385,
                2.6821028283055483e-16,
                -0.9781476259231567
            ],
            [
                2.6821028283055483e-16,
                1.0,
                2.1719241639135445e-16
            ],
            [
                0.9781476259231567,
                -2.1719241639135445e-16,
                -0.2079116851091385
            ]
        ],
        [
            [
                -0.4067366421222687,
                3.123582753161594e-16,
                -0.9135454297065735
            ],
            [
                3.123582753161594e-16,
                1.0,
                2.0284782078537427e-16
            ],
            [
                0.9135454297065735,
                -2.0284782078537427e-16,
                -0.4067366421222687
            ]
        ],
        [
            [
                -0.5877852439880371,
                3.5255914720711814e-16,
                -0.80901700258255
            ],
            [
                3.5255914720711814e-16,
                1.0,
                1.7963786071607536e-16
            ],
            [
                0.80901700258255,
                -1.7963786071607536e-16,
                -0.5877852439880371
            ]
        ],
        [
            [
                -0.7431448101997375,
                3.870558874730296e-16,
                -0.6691306233406067
            ],
            [
                3.870558874730296e-16,
                1.0,
                1.4857684490290495e-16
            ],
            [
                0.6691306233406067,
                -1.4857684490290495e-16,
                -0.7431448101997375
            ]
        ],
        [
            [
                -0.8660253882408142,
                4.1434088334689955e-16,
                -0.5
            ],
            [
                4.1434088334689955e-16,
                1.0,
                1.1102230246251565e-16
            ],
            [
                0.5,
                -1.1102230246251565e-16,
                -0.8660253882408142
            ]
        ],
        [
            [
                -0.9510565400123596,
                4.3322159184833273e-16,
                -0.30901700258255005
            ],
            [
                4.3322159184833273e-16,
                1.0,
                6.86155582535597e-17
            ],
            [
                0.30901700258255005,
                -6.86155582535597e-17,
                -0.9510565400123596
            ]
        ],
        [
            [
                -0.9945219159126282,
                4.4287284406802584e-16,
                -0.10452846437692642
            ],
            [
                4.4287284406802584e-16,
                1.0,
                2.3209981575994836e-17
            ],
            [
                0.10452846437692642,
                -2.3209981575994836e-17,
                -0.9945219159126282
            ]
        ],
        [
            [
                -0.9945219159126282,
                4.4287284406802584e-16,
                0.10452846437692642
            ],
            [
                4.4287284406802584e-16,
                1.0,
                -2.3209981575994836e-17
            ],
            [
                -0.10452846437692642,
                2.3209981575994836e-17,
                -0.9945219159126282
            ]
        ],
        [
            [
                -0.9510565400123596,
                4.3322159184833273e-16,
                0.30901700258255005
            ],
            [
                4.3322159184833273e-16,
                1.0,
                -6.86155582535597e-17
            ],
            [
                -0.30901700258255005,
                6.86155582535597e-17,
                -0.9510565400123596
            ]
        ],
        [
            [
                -0.8660253882408142,
                4.1434088334689955e-16,
                0.5
            ],
            [
                4.1434088334689955e-16,
                1.0,
                -1.1102230246251565e-16
            ],
            [
                -0.5,
                1.1102230246251565e-16,
                -0.8660253882408142
            ]
        ],
        [
            [
                -0.7431448101997375,
                3.870558874730296e-16,
                0.6691306233406067
            ],
            [
                3.870558874730296e-16,
                1.0,
                -1.4857684490290495e-16
            ],
            [
                -0.6691306233406067,
                1.4857684490290495e-16,
                -0.7431448101997375
            ]
        ],
        [
            [
                -0.5877852439880371,
                3.5255914720711814e-16,
                0.80901700258255
            ],
            [
                3.5255914720711814e-16,
                1.0,
                -1.7963786071607536e-16
            ],
            [
                -0.80901700258255,
                1.7963786071607536e-16,
                -0.5877852439880371
            ]
        ],
        [
            [
                -0.4067366421222687,
                3.123582753161594e-16,
                0.9135454297065735
            ],
            [
                3.123582753161594e-16,
                1.0,
                -2.0284782078537427e-16
            ],
            [
                -0.9135454297065735,
                2.0284782078537427e-16,
                -0.4067366421222687
            ]
        ],
        [
            [
                -0.2079116851091385,
                2.6821028283055483e-16,
                0.9781476259231567
            ],
            [
                2.6821028283055483e-16,
                1.0,
                -2.1719241639135445e-16
            ],
            [
                -0.9781476259231567,
                2.1719241639135445e-16,
                -0.2079116851091385
            ]
        ]
    ],
    "c2ws": [
        [
            [
                4.930380657631324e-32,
                -2.220446049250313e-16,
                1.0,
                0.8146657347679138
            ],
            [
                -2.220446049250313e-16,
                1.0,
                2.220446049250313e-16,
                1.8089213122250177e-16
            ],
            [
                -1.0,
                -2.220446049250313e-16,
                0.0,
                0.0
            ],
            [
                0.0,
                0.0,
                0.0,
                1.0
            ]
        ],
        [
            [
                0.2079116702079773,
                -1.758789402543976e-16,
                0.978147566318512,
                0.796863317489624
            ],
            [
                -1.758789402543976e-16,
                1.0,
                2.1719238992157485e-16,
                1.7693920051123336e-16
            ],
            [
                -0.978147566318512,
                -2.1719238992157485e-16,
                0.2079116702079773,
                0.16937851905822754
            ],
            [
                0.0,
                0.0,
                0.0,
                1.0
            ]
        ],
        [
            [
                0.40673667192459106,
                -1.317309212990134e-16,
                0.9135454893112183,
                0.7442342042922974
            ],
            [
                -1.317309212990134e-16,
                1.0,
                2.0284784725515387e-16,
                1.652531898637782e-16
            ],
            [
                -0.9135454893112183,
                -2.0284784725515387e-16,
                0.40673667192459106,
                0.33135440945625305
            ],
            [
                0.0,
                0.0,
                0.0,
                1.0
            ]
        ],
        [
            [
                0.5877852439880371,
                -9.153006264294447e-17,
                0.80901700258255,
                0.6590784192085266
            ],
            [
                -9.153006264294447e-17,
                1.0,
                1.7963786071607536e-16,
                1.4634480720777146e-16
            ],
            [
                -0.80901700258255,
                -1.7963786071607536e-16,
                0.5877852439880371,
                0.47884848713874817
            ],
            [
                0.0,
                0.0,
                0.0,
                1.0
            ]
        ],
        [
            [
                0.7431448101997375,
                -5.703330914214321e-17,
                0.6691306233406067,
                0.5451177954673767
            ],
            [
                -5.703330914214321e-17,
                1.0,
                1.4857684490290495e-16,
                1.2104046553215768e-16
            ],
            [
                -0.6691306233406067,
                -1.4857684490290495e-16,
                0.7431448101997375,
                0.605414628982544
            ],
            [
                0.0,
                0.0,
                0.0,
                1.0
            ]
        ],
        [
            [
                0.8660253882408142,
                -2.974833312060796e-17,
                0.5,
                0.4073328673839569
            ],
            [
                -2.974833312060796e-17,
                1.0,
                1.1102230246251565e-16,
                9.044606561125088e-17
            ],
            [
                -0.5,
                -1.1102230246251565e-16,
                0.8660253882408142,
                0.7055212259292603
            ],
            [
                0.0,
                0.0,
                0.0,
                1.0
            ]
        ],
        [
            [
                0.9510564804077148,
                -1.086764198996765e-17,
                0.30901697278022766,
                0.2517455518245697
            ],
            [
                -1.086764198996765e-17,
                1.0,
                6.86155516361148e-17,
                5.589874159652057e-17
            ],
            [
                -0.30901697278022766,
                -6.86155516361148e-17,
                0.9510564804077148,
                0.7747931480407715
            ],
            [
                0.0,
                0.0,
                0.0,
                1.0
            ]
        ],
        [
            [
                0.9945218563079834,
                -1.216388115913316e-18,
                0.10452845692634583,
                0.08515575528144836
            ],
            [
                -1.216388115913316e-18,
                1.0,
                2.320997992163361e-17,
                1.890837603856185e-17
            ],
            [
                -0.10452845692634583,
                -2.320997992163361e-17,
                0.9945218563079834,
                0.8102028965950012
            ],
            [
                0.0,
                0.0,
                0.0,
                1.0
            ]
        ],
        [
            [
                0.9945218563079834,
                -1.216388115913316e-18,
                -0.10452845692634583,
                -0.08515575528144836
            ],
            [
                -1.216388115913316e-18,
                1.0,
                -2.320997992163361e-17,
                -1.890837603856185e-17
            ],
            [
                0.10452845692634583,
                2.320997992163361e-17,
                0.9945218563079834,
                0.8102028965950012
            ],
            [
                0.0,
                0.0,
                0.0,
                1.0
            ]
        ],
        [
            [
                0.9510564804077148,
                -1.086764198996765e-17,
                -0.30901697278022766,
                -0.2517455518245697
            ],
            [
                -1.086764198996765e-17,
                1.0,
                -6.86155516361148e-17,
                -5.589874159652057e-17
            ],
            [
                0.30901697278022766,
                6.86155516361148e-17,
                0.9510564804077148,
                0.7747931480407715
            ],
            [
                0.0,
                0.0,
                0.0,
                1.0
            ]
        ],
        [
            [
                0.8660253882408142,
                -2.974833312060796e-17,
                -0.5,
                -0.4073328673839569
            ],
            [
                -2.974833312060796e-17,
                1.0,
                -1.1102230246251565e-16,
                -9.044606561125088e-17
            ],
            [
                0.5,
                1.1102230246251565e-16,
                0.8660253882408142,
                0.7055212259292603
            ],
            [
                0.0,
                0.0,
                0.0,
                1.0
            ]
        ],
        [
            [
                0.7431448101997375,
                -5.703330914214321e-17,
                -0.6691306233406067,
                -0.5451177954673767
            ],
            [
                -5.703330914214321e-17,
                1.0,
                -1.4857684490290495e-16,
                -1.2104046553215768e-16
            ],
            [
                0.6691306233406067,
                1.4857684490290495e-16,
                0.7431448101997375,
                0.605414628982544
            ],
            [
                0.0,
                0.0,
                0.0,
                1.0
            ]
        ],
        [
            [
                0.5877852439880371,
                -9.153006264294447e-17,
                -0.80901700258255,
                -0.6590784192085266
            ],
            [
                -9.153006264294447e-17,
                1.0,
                -1.7963786071607536e-16,
                -1.4634480720777146e-16
            ],
            [
                0.80901700258255,
                1.7963786071607536e-16,
                0.5877852439880371,
                0.47884848713874817
            ],
            [
                0.0,
                0.0,
                0.0,
                1.0
            ]
        ],
        [
            [
                0.40673667192459106,
                -1.317309212990134e-16,
                -0.9135454893112183,
                -0.7442342042922974
            ],
            [
                -1.317309212990134e-16,
                1.0,
                -2.0284784725515387e-16,
                -1.652531898637782e-16
            ],
            [
                0.9135454893112183,
                2.0284784725515387e-16,
                0.40673667192459106,
                0.33135440945625305
            ],
            [
                0.0,
                0.0,
                0.0,
                1.0
            ]
        ],
        [
            [
                0.2079116702079773,
                -1.758789402543976e-16,
                -0.978147566318512,
                -0.796863317489624
            ],
            [
                -1.758789402543976e-16,
                1.0,
                -2.1719238992157485e-16,
                -1.7693920051123336e-16
            ],
            [
                0.978147566318512,
                2.1719238992157485e-16,
                0.2079116702079773,
                0.16937851905822754
            ],
            [
                0.0,
                0.0,
                0.0,
                1.0
            ]
        ],
        [
            [
                1.2246468525851679e-16,
                -2.220446049250313e-16,
                -1.0,
                -0.8146657347679138
            ],
            [
                -2.220446049250313e-16,
                1.0,
                -2.220446049250313e-16,
                -1.8089213122250177e-16
            ],
            [
                1.0,
                2.220446049250313e-16,
                1.2246468525851679e-16,
                9.976778230979267e-17
            ],
            [
                0.0,
                0.0,
                0.0,
                1.0
            ]
        ],
        [
            [
                -0.2079116702079773,
                -2.6821028283055483e-16,
                -0.978147566318512,
                -0.796863317489624
            ],
            [
                -2.6821028283055483e-16,
                1.0,
                -2.1719240315646465e-16,
                -1.7693921374612316e-16
            ],
            [
                0.978147566318512,
                2.1719240315646465e-16,
                -0.2079116702079773,
                -0.16937851905822754
            ],
            [
                0.0,
                0.0,
                0.0,
                1.0
            ]
        ],
        [
            [
                -0.40673667192459106,
                -3.123582753161594e-16,
                -0.9135454893112183,
                -0.7442342042922974
            ],
            [
                -3.123582753161594e-16,
                1.0,
                -2.0284783402026407e-16,
                -1.652531898637782e-16
            ],
            [
                0.9135454893112183,
                2.0284783402026407e-16,
                -0.40673667192459106,
                -0.33135440945625305
            ],
            [
                0.0,
                0.0,
                0.0,
                1.0
            ]
        ],
        [
            [
                -0.5877852439880371,
                -3.5255914720711814e-16,
                -0.80901700258255,
                -0.6590784192085266
            ],
            [
                -3.5255914720711814e-16,
                1.0,
                -1.7963786071607536e-16,
                -1.4634480720777146e-16
            ],
            [
                0.80901700258255,
                1.7963786071607536e-16,
                -0.5877852439880371,
                -0.47884848713874817
            ],
            [
                0.0,
                0.0,
                0.0,
                1.0
            ]
        ],
        [
            [
                -0.7431448101997375,
                -3.870558874730296e-16,
                -0.6691306233406067,
                -0.5451177954673767
            ],
            [
                -3.870558874730296e-16,
                1.0,
                -1.4857683166801514e-16,
                -1.2104045229726788e-16
            ],
            [
                0.6691306233406067,
                1.4857683166801514e-16,
                -0.7431448101997375,
                -0.605414628982544
            ],
            [
                0.0,
                0.0,
                0.0,
                1.0
            ]
        ],
        [
            [
                -0.8660253882408142,
                -4.1434088334689955e-16,
                -0.5,
                -0.4073328673839569
            ],
            [
                -4.1434088334689955e-16,
                1.0,
                -1.1102231569740545e-16,
                -9.044607222869578e-17
            ],
            [
                0.5,
                1.1102231569740545e-16,
                -0.8660253882408142,
                -0.7055212259292603
            ],
            [
                0.0,
                0.0,
                0.0,
                1.0
            ]
        ],
        [
            [
                -0.9510564804077148,
                -4.3322156537855313e-16,
                -0.30901697278022766,
                -0.2517455518245697
            ],
            [
                -4.3322156537855313e-16,
                1.0,
                -6.86155516361148e-17,
                -5.589874159652057e-17
            ],
            [
                0.30901697278022766,
                6.86155516361148e-17,
                -0.9510564804077148,
                -0.7747931480407715
            ],
            [
                0.0,
                0.0,
                0.0,
                1.0
            ]
        ],
        [
            [
                -0.9945218563079834,
                -4.4287281759824624e-16,
                -0.10452845692634583,
                -0.08515575528144836
            ],
            [
                -4.4287281759824624e-16,
                1.0,
                -2.320997992163361e-17,
                -1.8908374384200625e-17
            ],
            [
                0.10452845692634583,
                2.320997992163361e-17,
                -0.9945218563079834,
                -0.8102028965950012
            ],
            [
                0.0,
                0.0,
                0.0,
                1.0
            ]
        ],
        [
            [
                -0.9945218563079834,
                -4.4287281759824624e-16,
                0.10452845692634583,
                0.08515575528144836
            ],
            [
                -4.4287281759824624e-16,
                1.0,
                2.320997992163361e-17,
                1.8908374384200625e-17
            ],
            [
                -0.10452845692634583,
                -2.320997992163361e-17,
                -0.9945218563079834,
                -0.8102028965950012
            ],
            [
                0.0,
                0.0,
                0.0,
                1.0
            ]
        ],
        [
            [
                -0.9510564804077148,
                -4.3322156537855313e-16,
                0.30901697278022766,
                0.2517455518245697
            ],
            [
                -4.3322156537855313e-16,
                1.0,
                6.86155516361148e-17,
                5.589874159652057e-17
            ],
            [
                -0.30901697278022766,
                -6.86155516361148e-17,
                -0.9510564804077148,
                -0.7747931480407715
            ],
            [
                0.0,
                0.0,
                0.0,
                1.0
            ]
        ],
        [
            [
                -0.8660253882408142,
                -4.1434088334689955e-16,
                0.5,
                0.4073328673839569
            ],
            [
                -4.1434088334689955e-16,
                1.0,
                1.1102231569740545e-16,
                9.044607222869578e-17
            ],
            [
                -0.5,
                -1.1102231569740545e-16,
                -0.8660253882408142,
                -0.7055212259292603
            ],
            [
                0.0,
                0.0,
                0.0,
                1.0
            ]
        ],
        [
            [
                -0.7431448101997375,
                -3.870558874730296e-16,
                0.6691306233406067,
                0.5451177954673767
            ],
            [
                -3.870558874730296e-16,
                1.0,
                1.4857683166801514e-16,
                1.2104045229726788e-16
            ],
            [
                -0.6691306233406067,
                -1.4857683166801514e-16,
                -0.7431448101997375,
                -0.605414628982544
            ],
            [
                0.0,
                0.0,
                0.0,
                1.0
            ]
        ],
        [
            [
                -0.5877852439880371,
                -3.5255914720711814e-16,
                0.80901700258255,
                0.6590784192085266
            ],
            [
                -3.5255914720711814e-16,
                1.0,
                1.7963786071607536e-16,
                1.4634480720777146e-16
            ],
            [
                -0.80901700258255,
                -1.7963786071607536e-16,
                -0.5877852439880371,
                -0.47884848713874817
            ],
            [
                0.0,
                0.0,
                0.0,
                1.0
            ]
        ],
        [
            [
                -0.40673667192459106,
                -3.123582753161594e-16,
                0.9135454893112183,
                0.7442342042922974
            ],
            [
                -3.123582753161594e-16,
                1.0,
                2.0284783402026407e-16,
                1.652531898637782e-16
            ],
            [
                -0.9135454893112183,
                -2.0284783402026407e-16,
                -0.40673667192459106,
                -0.33135440945625305
            ],
            [
                0.0,
                0.0,
                0.0,
                1.0
            ]
        ],
        [
            [
                -0.2079116702079773,
                -2.6821028283055483e-16,
                0.978147566318512,
                0.796863317489624
            ],
            [
                -2.6821028283055483e-16,
                1.0,
                2.1719240315646465e-16,
                1.7693921374612316e-16
            ],
            [
                -0.978147566318512,
                -2.1719240315646465e-16,
                -0.2079116702079773,
                -0.16937851905822754
            ],
            [
                0.0,
                0.0,
                0.0,
                1.0
            ]
        ]
    ],
    "dataset_type": "tank",
    "delaunay": false,
    "far": [
        13.0,
        13.0,
        13.0,
        13.0,
        13.0,
        13.0,
        13.0,
        13.0,
        13.0,
        13.0,
        13.0,
        13.0,
        13.0,
        13.0,
        13.0,
        13.0,
        13.0,
        13.0,
        13.0,
        13.0,
        13.0,
        13.0,
        13.0,
        13.0,
        13.0,
        13.0,
        13.0,
        13.0,
        13.0,
        13.0
    ],
    "focal": 948.1466674804688,
    "height": 480.0,
    "near": [
        0.58,
        0.59,
        0.6,
        0.61,
        0.63,
        0.63,
        0.63,
        0.64,
        0.64,
        0.64,
        0.64,
        0.64,
        0.62,
        0.62,
        0.62,
        0.62,
        0.62,
        0.61,
        0.6,
        0.59,
        0.59,
        0.59,
        0.58,
        0.57,
        0.57,
        0.58,
        0.57,
        0.58,
        0.57,
        0.57
    ],
    "num_layers": [
        16,
        16,
        16,
        16,
        16,
        16,
        16,
        16,
        16,
        16,
        16,
        16,
        16,
        16,
        16,
        16,
        16,
        16,
        16,
        16,
        16,
        16,
        16,
        16,
        16,
        16,
        16,
        16,
        16,
        16
    ],
    "num_sublayers": [
        12,
        12,
        12,
        12,
        12,
        12,
        12,
        12,
        12,
        12,
        12,
        12,
        12,
        12,
        12,
        12,
        12,
        12,
        12,
        12,
        12,
        12,
        12,
        12,
        12,
        12,
        12,
        12,
        12,
        12
    ],
    "offset": [
        171.0,
        171.0,
        171.0,
        171.0,
        171.0,
        171.0,
        171.0,
        171.0,
        171.0,
        171.0,
        171.0,
        171.0,
        171.0,
        171.0,
        171.0,
        171.0,
        171.0,
        171.0,
        171.0,
        171.0,
        171.0,
        171.0,
        171.0,
        171.0,
        171.0,
        171.0,
        171.0,
        171.0,
        171.0,
        171.0
    ],
    "planes": [
        [
            0.5799999833106995,
            0.5829035043716431,
            0.5858362913131714,
            0.5887987017631531,
            0.5917911529541016,
            0.5948143005371094,
            0.5978683829307556,
            0.6009541153907776,
            0.6040717363357544,
            0.6072219610214233,
            0.6104052066802979,
            0.6136218905448914,
            0.6168727874755859,
            0.620158314704895,
            0.6234790086746216,
            0.6268354058265686,
            0.6302281618118286,
            0.6336578726768494,
            0.6371250748634338,
            0.6406304240226746,
            0.6441745758056641,
            0.6477581858634949,
            0.6513819098472595,
            0.6550463438034058,
            0.6587522029876709,
            0.6625003218650818,
            0.666291356086731,
            0.6701259016990662,
            0.6740049719810486,
            0.677929162979126,
            0.6818992495536804,
            0.6859162449836731,
            0.689980685710907,
            0.6940937042236328,
            0.6982559561729431,
            0.7024685144424438,
            0.7067322134971619,
            0.7110479474067688,
            0.7154167294502258,
            0.7198395133018494,
            0.7243172526359558,
            0.7288511395454407,
            0.7334421873092651,
            0.7380914092063904,
            0.7427998781204224,
            0.7475689053535461,
            0.7523995637893677,
            0.7572928667068481,
            0.7622503638267517,
            0.7672732472419739,
            0.7723627090454102,
            0.7775201797485352,
            0.7827470302581787,
            0.7880444526672363,
            0.7934141755104065,
            0.7988576292991638,
            0.8043763041496277,
            0.8099716901779175,
            0.8156453967094421,
            0.8213992714881897,
            0.8272348642349243,
            0.8331539630889893,
            0.8391583561897278,
            0.8452500104904175,
            0.8514305949211121,
            0.857702374458313,
            0.8640671372413635,
            0.8705271482467651,
            0.877084493637085,
            0.8837413191795349,
            0.8905000686645508,
            0.8973628282546997,
            0.9043322801589966,
            0.9114108085632324,
            0.9186010360717773,
            0.9259056448936462,
            0.933327317237854,
            0.9408688545227051,
            0.9485334157943726,
            0.9563238024711609,
            0.9642432332038879,
            0.9722949266433716,
            0.9804821014404297,
            0.9888084530830383,
            0.9972774386405945,
            1.0058927536010742,
            1.0146582126617432,
            1.0235776901245117,
            1.0326553583145142,
            1.0418956279754639,
            1.0513026714324951,
            1.0608811378479004,
            1.0706357955932617,
            1.0805714130401611,
            1.0906933546066284,
            1.1010063886642456,
            1.1115165948867798,
            1.1222292184829712,
            1.1331504583358765,
            1.1442863941192627,
            1.1556432247161865,
            1.167227864265442,
            1.1790469884872437,
            1.1911081075668335,
            1.2034183740615845,
            1.2159857749938965,
            1.228818655014038,
            1.2419250011444092,
            1.2553139925003052,
            1.2689948081970215,
            1.2829773426055908,
            1.2972712516784668,
            1.311887264251709,
            1.326836347579956,
            1.3421299457550049,
            1.3577804565429688,
            1.3738001585006714,
            1.390202283859253,
            1.40700101852417,
            1.4242106676101685,
            1.4418463706970215,
            1.4599244594573975,
            1.478461503982544,
            1.497475504875183,
            1.5169848203659058,
            1.5370091199874878,
            1.5575692653656006,
            1.5786869525909424,
            1.6003849506378174,
            1.6226879358291626,
            1.6456212997436523,
            1.6692122220993042,
            1.6934890747070312,
            1.7184827327728271,
            1.744225263595581,
            1.7707505226135254,
            1.7980952262878418,
            1.826297640800476,
            1.8553987741470337,
            1.8854422569274902,
            1.9164750576019287,
            1.9485461711883545,
            1.9817091226577759,
            2.0160202980041504,
            2.0515406131744385,
            2.0883350372314453,
            2.1264731884002686,
            2.1660304069519043,
            2.207087516784668,
            2.2497308254241943,
            2.2940545082092285,
            2.3401598930358887,
            2.3881564140319824,
            2.4381628036499023,
            2.4903087615966797,
            2.5447335243225098,
            2.601590156555176,
            2.661045551300049,
            2.7232823371887207,
            2.7885000705718994,
            2.8569178581237793,
            2.9287776947021484,
            3.0043458938598633,
            3.0839169025421143,
            3.1678171157836914,
            3.256410598754883,
            3.3501017093658447,
            3.4493439197540283,
            3.554645538330078,
            3.666578531265259,
            3.7857906818389893,
